1
2
8
20
25
31
35
36
47
52
55
63
70
75
80
82
83
93
94
102
107
119
122
123
125
154
157
158
160
163
167
175
179
187
188
195
201
204
216
228
230
232
235
236
238
253
255
260
264
268
269
274
276
278
309
315
318
320
322
330
332
333
336
338
341
349
357
360
365
380
387
388
399
407
409
412
415
422
423
424
431
438
439
440
441
442
443
445
446
448
450
452
469
470
473
485
486
487
493
497
504
505
509
522
531
533
538
564
586
588
589
590
595
605
613
614
617
619
623
625
633
635
638
641
646
649
654
662
663
664
666
679
680
683
690
691
693
696
698
699
701
715
723
731
732
733
746
751
758
767
780
789
793
796
801
803
804
818
824
830
838
844
845
852
860
868
882
883
891
892
898
899
925
926
928
939
941
942
951
956
962
963
965
981
983
989
997
1003
1005
1006
1007
1010
1016
1030
1033
1035
1048
1054
1065
1069
1072
1075
1077
1081
1087
1092
1095
1101
1103
1106
1108
1113
1114
1125
1127
1131
1138
1141
1152
1161
1168
1174
1178
1180
1183
1186
1195
1201
1202
1203
1211
1219
1231
1232
1235
1243
1252
1257
1264
1268
1269
1276
1279
1280
1287
1290
1296
1301
1306
1310
1316
1321
1322
1328
1340
1341
1343
1355
1356
1367
1374
1384
1385
1389
1395
1403
1416
1420
1426
1435
1439
1443
1450
1457
1471
1478
1486
1489
1493
1501
1511
1512
1518
1520
1526
1530
1531
1538
1546
1547
1550
1554
1557
1570
1583
1586
1589
1590
1591
1596
1620
1624
1627
1633
1634
1635
1638
1639
1643
1644
1649
1652
1657
1670
1671
1672
1673
1687
1693
1704
1711
1714
1715
1716
1718
1720
1722
1727
1730
1734
1743
1746
1763
1771
1774
1776
1780
1783
1785
1790
1802
1809
1811
1819
1822
1824
1825
1872
1877
1879
1881
1893
1895
1896
1897
1901
1911
1912
1925
1927
1942
1949
1955
1957
1971
1974
1981
1995
1996
1998
2001
2004
2010
2017
2024
2026
2035
2040
2052
2055
2062
2066
2067
2083
2085
2087
2091
2093
2109
2110
2112
2114
2118
2119
2120
2121
2127
2149
2153
2156
2159
2162
2163
2165
2168
2169
2180
2184
2189
2191
2193
2201
2202
2203
2205
2209
2212
2220
2235
2236
2241
2246
2251
2261
2265
2270
2273
2283
2301
2316
2327
2328
2354
2356
2358
2360
2365
2370
2371
2373
2377
2379
2383
2392
2394
2402
2405
2407
2415
2419
2423
2431
2440
2446
2457
2460
2461
2471
2474
2475
2476
2481
2485
2488
2502
2503
2505
2510
2514
2515
2521
2528
2531
2537
2547
2555
2558
2566
2573
2574
2580
2586
2592
2594
2595
2598
2602
2605
2607
2611
2613
2614
2622
2625
2628
2630
2632
2636
2638
2641
2642
2643
2646
2651
2654
2656
2661
2665
2670
2675
2677
2693
2694
2701
2702
2704
2706
2714
2717
2728
2739
2741
2745
2747
2754
2758
2759
2766
2778
2780
2784
2786
2789
2792
2797
2799
2803
2807
2808
2830
2850
2851
2857
2863
2864
2867
2869
2870
2872
2873
2883
2905
2911
2912
2917
2920
2921
2923
2929
2933
2935
2936
2939
2940
2946
2954
2958
2959
2963
2986
2987
2996
3002
3003
3008
3020
3022
3023
3032
3037
3039
3040
3042
3046
3051
3066
3070
3072
3074
3077
3082
3094
3109
3111
3112
3113
3121
3123
3128
3132
3142
3146
3152
3154
3155
3156
3163
3164
3165
3166
3168
3170
3186
3195
3203
3215
3216
3219
3227
3231
3242
3243
3244
3245
3264
3266
3267
3269
3274
3276
3280
3285
3286
3289
3293
3296
3298
3299
3310
3325
3331
3332
3350
3357
3367
3370
3373
3375
3377
3390
3394
3409
3428
3429
3430
3432
3433
3436
3438
3440
3443
3450
3456
3458
3469
3472
3473
3479
3481
3482
3486
3496
3497
3502
3506
3512
3517
3526
3530
3539
3540
3545
3546
3547
3550
3559
3561
3564
3570
3575
3584
3590
3594
3600
3601
3605
3606
3613
3620
3623
3626
3629
3631
3635
3638
3652
3658
3659
3660
3661
3662
3663
3667
3673
3674
3675
3679
3680
3682
3684
3687
3689
3690
3691
3694
3695
3696
3704
3711
3713
3714
3728
3734
3738
3740
3744
3745
3749
3755
3763
3768
3770
3775
3779
3786
3788
3793
3795
3796
3799
3802
3808
3810
3811
3818
3836
3845
3854
3860
3861
3864
3865
3873
3874
3881
3883
3886
3888
3889
3922
3937
3940
3948
3954
3968
3971
3979
3980
3982
3991
3993
3994
3995
3996
3997
4000
4003
4009
4013
4015
4017
4021
4028
4032
4045
4048
4053
4062
4072
4093
4100
4101
4104
4106
4107
4132
4133
4136
4140
4142
4146
4147
4166
4195
4204
4207
4209
4213
4216
4223
4224
4225
4228
4230
4234
4239
4241
4242
4251
4252
4258
4259
4263
4265
4267
4269
4272
4273
4280
4283
4284
4293
4297
4305
4311
4312
4322
4323
4328
4337
4339
4340
4342
4351
4355
4358
4360
4367
4388
4397
4399
4403
4410
4425
4427
4428
4434
4437
4444
4445
4447
4448
4460
4465
4467
4472
4475
4476
4481
4487
4491
4492
4496
4502
4505
4506
4508
4509
4510
4513
4516
4521
4525
4526
4529
4540
4554
4563
4565
4567
4568
4569
4572
4574
4576
4584
4586
4589
4590
4591
4599
4605
4606
4612
4613
4617
4622
4626
4628
4629
4634
4637
4645
4657
4662
4668
4669
4672
4673
4678
4681
4683
4685
4691
4692
4694
4697
4709
4711
4716
4718
4719
4734
4737
4739
4745
4746
4747
4756
4757
4758
4760
4761
4765
4771
4772
4792
4809
4818
4829
4835
4836
4840
4841
4845
4846
4857
4861
4864
4866
4868
4872
4880
4893
4907
4911
4916
4924
4925
4927
4929
4930
4933
4936
4937
4945
4946
4948
4949
4952
4953
4955
4960
4964
4965
4971
4973
4981
4986
4989
4990
4993
4996
4997
5001
5006
5009
5011
5020
5024
5036
5038
5042
5044
5048
5050
5051
5057
5072
5073
5079
5084
5087
5104
5105
5111
5112
5114
5122
5123
5124
5129
5131
5132
5136
5140
5145
5147
5148
5152
5153
5156
5167
5168
5170
5173
5178
5179
5189
5197
5201
5204
5205
5213
5219
5220
5228
5229
5232
5236
5240
5241
5242
5247
5249
5258
5262
5274
5275
5284
5287
5297
5321
5322
5327
5345
5353
5361
5362
5365
5366
5368
5377
5387
5388
5395
5398
5400
5408
5414
5418
5424
5428
5430
5437
5441
5451
5455
5458
5460
5464
5465
5474
5486
5488
5491
5511
5517
5525
5528
5532
5533
5543
5553
5559
5563
5565
5566
5569
5576
5580
5587
5589
5590
5593
5594
5600
5602
5604
5606
5614
5620
5621
5626
5628
5630
5634
5640
5641
5642
5644
5645
5650
5652
5664
5670
5671
5673
5674
5676
5693
5696
5697
5698
5700
5701
5702
5708
5709
5710
5721
5734
5735
5739
5740
5753
5756
5768
5771
5782
5789
5790
5794
5797
5798
5803
5808
5811
5812
5814
5819
5822
5829
5835
5837
5847
5848
5851
5860
5861
5864
5886
5899
5901
5906
5914
5917
5921
5922
5924
5926
5929
5937
5940
5948
5957
5964
5965
5968
5971
5978
5989
6006
6008
6009
6020
6021
6033
6036
6048
6056
6058
6068
6069
6081
6083
6084
6087
6088
6093
6101
6110
6112
6124
6127
6131
6134
6136
6139
6141
6153
6155
6157
6166
6174
6175
6178
6180
6181
6182
6183
6185
6190
6191
6192
6194
6198
6199
6203
6208
6210
6211
6220
6221
6223
6232
6244
6246
6258
6265
6268
6273
6285
6288
6301
6318
6319
6320
6322
6335
6336
6340
6345
6347
6354
6357
6358
6359
6362
6366
6375
6378
6379
6384
6386
6388
6402
6404
6415
6428
6429
6438
6439
6448
6449
6452
6455
6458
6459
6462
6463
6464
6467
6477
6478
6487
6489
6490
6498
6499
6500
6503
6507
6513
6540
6545
6546
6554
6556
6563
6564
6567
6570
6575
6584
6585
6590
6599
6600
6604
6605
6608
6621
6626
6639
6642
6644
6649
6656
6667
6669
6676
6679
6689
6692
6693
6694
6696
6698
6699
6703
6733
6739
6744
6747
6754
6757
6761
6772
6778
6779
6781
6788
6792
6799
6809
6817
6818
6820
6844
6857
6859
6860
6863
6879
6884
6892
6894
6897
6902
6904
6910
6913
6914
6917
6918
6921
6922
6932
6940
6944
6952
6957
6960
6961
6962
6964
6967
6968
6971
6987
6988
6994
6997
6999
7001
7024
7032
7046
7051
7058
7062
7068
7082
7083
7084
7094
7096
7108
7115
7116
7126
7137
7142
7159
7168
7174
7176
7205
7206
7208
7212
7224
7226
7231
7233
7238
7242
7243
7252
7254
7257
7267
7268
7270
7278
7294
7301
7302
7304
7307
7308
7317
7318
7325
7333
7335
7345
7346
7353
7360
7364
7365
7370
7373
7376
7385
7396
7399
7401
7403
7404
7409
7413
7417
7420
7421
7430
7435
7443
7450
7452
7453
7457
7458
7479
7487
7494
7500
7505
7506
7507
7520
7523
7524
7527
7532
7535
7546
7554
7559
7562
7563
7564
7572
7589
7591
7593
7594
7596
7598
7606
7609
7614
7629
7642
7645
7646
7647
7651
7652
7658
7665
7677
7685
7690
7697
7701
7703
7711
7715
7718
7724
7727
7729
7735
7744
7748
7766
7779
7785
7794
7800
7811
7815
7817
7821
7835
7848
7851
7853
7860
7861
7864
7868
7871
7873
7890
7891
7901
7904
7906
7907
7910
7915
7922
7923
7926
7931
7932
7935
7941
7943
7945
7953
7957
7958
7961
7962
7963
7966
7967
7976
7981
7984
7986
7987
7990
7993
7997
8004
8005
8012
8013
8015
8022
8024
8027
8036
8044
8049
8059
8067
8069
8077
8078
8084
8085
8089
8090
8091
8092
8096
8097
8104
8107
8112
8114
8120
8122
8125
8150
8157
8158
8164
8169
8170
8173
8177
8184
8190
8197
8199
8210
8211
8212
8216
8217
8219
8220
8221
8233
8235
8245
8246
8248
8253
8256
8263
8267
8268
8282
8283
8285
8298
8299
8302
8304
8309
8312
8316
8317
8320
8321
8324
8325
8326
8328
8337
8338
8353
8360
8366
8367
8376
8377
8378
8380
8400
8406
8407
8418
8425
8431
8433
8435
8436
8448
8451
8459
8469
8470
8473
8481
8485
8488
8494
8496
8506
8507
8516
8522
8525
8547
8554
8560
8563
8586
8589
8592
8600
8602
8604
8610
8620
8627
8631
8635
8637
8641
8642
8646
8658
8660
8668
8669
8670
8676
8683
8690
8695
8708
8713
8718
8722
8728
8741
8742
8749
8757
8761
8767
8781
8798
8802
8803
8810
8816
8817
8820
8822
8825
8828
8838
8841
8844
8859
8860
8871
8890
8894
8896
8899
8905
8907
8909
8910
8916
8917
8918
8921
8923
8926
8929
8940
8947
8952
8954
8956
8961
8965
8966
8968
8977
8987
8989
8990
9000
9002
9010
9017
9018
9023
9024
9025
9036
9040
9043
9044
9055
9071
9076
9077
9078
9080
9082
9096
9109
9112
9119
9120
9123
9124
9126
9130
9132
9137
9140
9160
9178
9183
9185
9186
9196
9203
9206
9210
9226
9229
9239
9240
9243
9249
9250
9265
9271
9276
9277
9281
9284
9296
9298
9300
9301
9302
9312
9314
9315
9321
9328
9334
9337
9340
9345
9375
9376
9378
9381
9394
9397
9405
9412
9413
9415
9417
9419
9425
9433
9434
9441
9442
9454
9462
9465
9468
9471
9474
9475
9478
9487
9489
9490
9499
9500
9501
9502
9509
9529
9530
9533
9534
9559
9566
9569
9570
9574
9582
9585
9590
9602
9605
9609
9611
9612
9613
9617
9621
9622
9631
9641
9648
9664
9674
9692
9698
9699
9718
9720
9727
9732
9733
9734
9736
9742
9748
9751
9753
9754
9755
9758
9759
9762
9765
9772
9774
9777
9778
9782
9783
9787
9788
9790
9792
9803
9807
9808
9819
9827
9828
9830
9833
9835
9850
9851
9852
9855
9865
9866
9867
9868
9872
9874
9886
9895
9899
9900
9905
9907
9909
9913
9922
9927
9932
9934
9951
9956
9963
9968
9970
9984
9986
9999
10001
10007
10013
10020
10021
10036
10041
10043
10044
10049
10050
10053
10055
10058
10063
10068
10072
10076
10083
10093
10099
10105
10111
10112
10123
10129
10134
10149
10160
10162
10167
10170
10172
10176
10179
10181
10183
10187
10189
10208
10211
10225
10227
10239
10245
10246
10248
10251
10261
10263
10264
10271
10275
10284
10302
10314
10319
10322
10327
10328
10334
10338
10340
10344
10346
10347
10348
10355
10356
10357
10363
10364
10374
10376
10378
10390
10400
10420
10440
10446
10448
10457
10458
10461
10463
10466
10467
10471
10472
10474
10475
10484
10485
10486
10487
10489
10494
10509
10511
10517
10518
10523
10530
10544
10549
10554
10558
10579
10581
10589
10594
10600
10603
10605
10614
10626
10639
10640
10642
10657
10659
10663
10668
10671
10679
10691
10697
10703
10704
10706
10712
10721
10722
10727
10730
10731
10732
10736
10743
10745
10755
10758
10760
10767
10769
10771
10777
10784
10795
10797
10799
10808
10810
10817
10820
10822
10823
10824
10825
10828
10836
10851
10855
10862
10865
10875
10878
10885
10887
10897
10905
10913
10915
10916
10918
10922
10923
10933
10943
10944
10946
10947
10981
10983
10986
10987
10989
10991
10995
10997
11001
11003
11017
11019
11024
11030
11032
11034
11037
11043
11044
11045
11067
11080
11082
11110
11116
11125
11127
11130
11133
11135
11140
11141
11142
11145
11153
11157
11159
11163
11165
11169
11170
11183
11190
11191
11192
11199
11201
11202
11204
11205
11210
11212
11217
11227
11230
11244
11248
11259
11261
11262
11264
11268
11271
11275
11288
11293
11320
11322
11328
11330
11333
11343
11344
11346
11348
11360
11367
11370
11372
11378
11379
11381
11385
11417
11427
11430
11437
11440
11447
11451
11453
11455
11458
11477
11482
11486
11496
11497
11503
11505
11507
11511
11515
11517
11521
11535
11541
11542
11543
11546
11547
11552
11554
11558
11559
11561
11573
11579
11583
11585
11591
11597
11598
11600
11602
11603
11611
11614
11616
11618
11626
11634
11636
11643
11644
11646
11656
11657
11659
11672
11684
11686
11688
11698
11701
11704
11707
11713
11716
11720
11725
11727
11729
11731
11732
11739
11746
11749
11753
11764
11771
11779
11787
11792
11793
11796
11797
11799
11800
11801
11810
11813
11815
11820
11821
11824
11829
11836
11842
11848
11860
11861
11862
11868
11873
11876
11878
11885
11895
11896
11900
11902
11905
11907
11913
11920
11921
11930
11931
11942
11943
11944
11949
11952
11953
11957
11958
11959
11961
11965
11967
11972
11976
11977
11984
11985
11986
11988
11990
11995
11998
11999
12003
12014
12015
12016
12018
12024
12028
12032
12033
12041
12042
12052
12056
12061
12063
12071
12077
12078
12079
12081
12082
12086
12087
12093
12098
12101
12108
12128
12129
12131
12154
12156
12162
12171
12175
12181
12183
12186
12190
12196
12204
12206
12208
12213
12220
12226
12228
12229
12230
12233
12237
12244
12247
12248
12250
12252
12255
12262
12270
12276
12290
12291
12297
12300
12302
12305
12307
12308
12309
12323
12333
12337
12340
12342
12344
12346
12348
12352
12353
12355
12361
12362
12363
12369
12373
12375
12379
12382
12383
12395
12409
12416
12417
12424
12427
12435
12437
12438
12442
12443
12447
12448
12451
12461
12463
12469
12475
12493
12496
12497
12498
12502
12526
12527
12533
12537
12539
12542
12543
12546
12547
12548
12550
12553
12558
12578
12581
12602
12624
12625
12630
12631
12632
12634
12636
12639
12644
12648
12654
12658
12665
12670
12680
12688
12692
12696
12697
12705
12707
12716
12735
12745
12747
12759
12760
12763
12765
12767
12774
12781
12785
12786
12793
12794
12807
12815
12817
12823
12826
12843
12854
12865
12875
12876
12878
12881
12885
12902
12919
12920
12925
12938
12944
12952
12953
12957
12974
12975
12977
12978
12980
12995
13004
13010
13016
13019
13027
13036
13038
13048
13055
13069
13070
13074
13075
13084
13087
13089
13091
13096
13098
13106
13110
13112
13113
13123
13134
13144
13145
13158
13160
13161
13168
13187
13189
13191
13193
13204
13215
13222
13224
13225
13228
13230
13233
13239
13240
13248
13263
13267
13269
13287
13290
13291
13301
13303
13304
13309
13326
13332
13335
13340
13350
13353
13354
13359
13362
13365
13374
13381
13387
13393
13396
13397
13402
13412
13416
13417
13421
13425
13428
13432
13438
13447
13454
13456
13458
13463
13474
13478
13486
13494
13503
13511
13516
13520
13521
13527
13537
13549
13557
13573
13574
13580
13581
13589
13592
13594
13595
13597
13603
13610
13612
13616
13620
13628
13629
13631
13651
13656
13686
13698
13699
13707
13709
13711
13720
13724
13725
13730
13734
13738
13739
13744
13749
13755
13760
13764
13765
13772
13777
13781
13782
13791
13792
13799
13801
13810
13814
13824
13830
13836
13838
13843
13846
13853
13856
13858
13877
13883
13890
13899
13902
13909
13911
13914
13922
13923
13924
13925
13930
13932
13940
13941
13942
13943
13952
13953
13954
13960
13969
13970
13971
13973
13978
13983
13995
14001
14012
14015
14016
14021
14026
14029
14037
14042
14044
14057
14058
14060
14065
14067
14074
14077
14081
14100
14102
14105
14119
14120
14121
14124
14132
14134
14135
14146
14153
14167
14168
14170
14173
14174
14176
14180
14187
14189
14191
14193
14213
14224
14227
14232
14233
14238
14244
14264
14274
14275
14278
14283
14286
14298
14300
14302
14308
14311
14325
14333
14334
14341
14345
14350
14354
14359
14367
14375
14379
14384
14388
14392
14400
14405
14412
14419
14441
14444
14445
14446
14452
14454
14457
14461
14462
14470
14474
14475
14492
14500
14501
14507
14516
14518
14525
14532
14533
14549
14565
14577
14579
14584
14596
14597
14598
14599
14601
14602
14615
14617
14619
14628
14629
14630
14631
14632
14646
14654
14661
14662
14668
14671
14676
14678
14683
14685
14686
14691
14697
14698
14700
14702
14703
14706
14713
14714
14717
14724
14726
14732
14741
14743
14751
14755
14759
14762
14768
14770
14771
14772
14777
14779
14780
14803
14804
14808
14811
14818
14823
14834
14838
14841
14843
14852
14855
14859
14860
14863
14869
14872
14878
14891
14893
14910
14913
14917
14942
14946
14950
14954
14959
14963
14967
14971
14975
14979
14987
14989
14992
14994
14998
15002
15005
15011
15013
15015
15016
15020
15023
15024
15030
15051
15062
15066
15073
15075
15083
15099
15101
15107
15125
15131
15144
15150
15151
15153
15157
15159
15163
15174
15184
15189
15195
15204
15212
15215
15218
15219
15230
15237
15238
15241
15246
15260
15261
15266
15270
15271
15272
15273
15274
15283
15291
15292
15295
15300
15301
15302
15304
15307
15308
15314
15320
15337
15338
15341
15343
15345
15349
15359
15382
15393
15396
15401
15402
15407
15409
15411
15412
15413
15418
15422
15424
15426
15436
15437
15445
15449
15450
15451
15452
15467
15470
15491
15493
15496
15502
15503
15505
15526
15528
15532
15538
15546
15547
15548
15560
15563
15566
15570
15582
15585
15604
15607
15609
15610
15614
15618
15629
15635
15641
15644
15653
15659
15664
15671
15677
15685
15687
15691
15696
15711
15724
15731
15732
15735
15755
15767
15779
15782
15785
15791
15792
15794
15803
15805
15810
15817
15819
15820
15822
15827
15830
15831
15832
15838
15839
15848
15855
15856
15862
15867
15886
15887
15889
15890
15904
15907
15917
15939
15944
15947
15951
15952
15953
15955
15959
15965
15978
15983
15984
15987
15992
15996
16001
16007
16008
16011
16014
16017
16019
16022
16025
16031
16043
16045
16049
16059
16060
16063
16069
16070
16075
16080
16084
16086
16088
16096
16099
16110
16114
16115
16119
16120
16121
16126
16142
16144
16148
16149
16150
16156
16157
16163
16169
16174
16182
16190
16192
16193
16199
16202
16204
16205
16210
16214
16215
16226
16228
16231
16235
16237
16238
16240
16245
16256
16268
16269
16274
16299
16311
16321
16325
16327
16345
16352
16356
16357
16363
16364
16366
16371
16379
16390
16392
16401
16404
16413
16414
16426
16433
16436
16440
16457
16459
16462
16463
16465
16470
16474
16475
16477
16478
16481
16483
16488
16489
16490
16491
16493
16505
16509
16514
16519
16525
16532
16540
16545
16548
16560
16573
16577
16583
16586
16589
16591
16597
16599
16603
16607
16616
16619
16625
16627
16629
16630
16638
16648
16652
16678
16689
16690
16704
16709
16710
16719
16722
16723
16726
16733
16743
16748
16754
16758
16761
16770
16775
16782
16796
16798
16801
16805
16806
16809
16810
16817
16821
16822
16823
16826
16835
16844
16853
16856
16859
16861
16866
16868
16873
16875
16877
16878
16882
16891
16896
16897
16905
16906
16925
16928
16930
16932
16937
16939
16955
16968
16970
16975
16982
16986
16989
17004
17011
17021
17022
17025
17026
17028
17029
17033
17034
17035
17039
17040
17044
17047
17048
17050
17051
17052
17054
17056
17062
17068
17069
17083
17087
17091
17092
17102
17107
17112
17114
17120
17123
17128
17129
17132
17134
17138
17139
17142
17144
17149
17157
17161
17162
17164
17168
17169
17191
17193
17196
17198
17200
17209
17222
17224
17233
17238
17240
17246
17265
17268
17274
17278
17283
17287
17289
17293
17295
17298
17302
17304
17311
17317
17322
17326
17330
17331
17335
17337
17340
17343
17344
17353
17359
17360
17363
17371
17372
17382
17387
17392
17395
17397
17400
17407
17408
17412
17420
17424
17425
17444
17445
17447
17450
17453
17456
17460
17464
17466
17468
17469
17472
17475
17487
17488
17496
17498
17500
17503
17514
17516
17520
17524
17531
17535
17537
17543
17555
17559
17565
17583
17584
17595
17598
17602
17605
17609
17613
17614
17621
17625
17630
17631
17638
17647
17649
17654
17658
17660
17665
17669
17671
17684
17699
17708
17711
17712
17723
17725
17726
17748
17749
17753
17761
17762
17765
17777
17778
17779
17782
17789
17790
17796
17813
17820
17824
17825
17829
17834
17841
17846
17847
17856
17859
17879
17889
17893
17900
17901
17906
17909
17912
17914
17921
17924
17930
17933
17934
17937
17939
17941
17942
17943
17944
17948
17949
17951
17952
17956
17961
17963
17966
17976
17981
17982
17983
17986
17987
17995
17999
18006
18012
18017
18022
18027
18028
18071
18080
18082
18083
18084
18093
18096
18098
18102
18105
18107
18108
18112
18126
18127
18132
18139
18145
18146
18147
18150
18158
18160
18162
18175
18179
18180
18189
18192
18207
18208
18209
18213
18215
18216
18217
18234
18237
18242
18243
18260
18264
18269
18270
18277
18279
18281
18286
18287
18289
18293
18298
18306
18312
18314
18316
18319
18330
18331
18335
18339
18341
18343
18349
18358
18359
18365
18366
18376
18379
18381
18384
18387
18389
18394
18395
18400
18401
18404
18406
18410
18417
18421
18423
18424
18425
18433
18444
18451
18455
18464
18469
18470
18476
18477
18487
18492
18495
18514
18517
18518
18520
18525
18530
18534
18537
18539
18540
18544
18556
18561
18568
18572
18575
18580
18584
18591
18594
18597
18598
18600
18606
18616
18617
18618
18621
18625
18628
18635
18638
18663
18671
18677
18678
18679
18694
18696
18697
18709
18723
18747
18748
18749
18750
18755
18772
18774
18775
18783
18789
18791
18797
18803
18810
18811
18818
18825
18831
18839
18840
18849
18850
18853
18861
18863
18864
18874
18877
18879
18884
18887
18891
18893
18898
18902
18920
18921
18928
18930
18936
18940
18943
18949
18950
18953
18958
18959
18962
18966
18979
18985
19003
19009
19011
19018
19019
19027
19030
19033
19036
19043
19046
19051
19053
19056
19058
19067
19073
19075
19078
19084
19088
19093
19094
19096
19097
19098
19103
19109
19112
19113
19120
19123
19126
19127
19130
19137
19142
19144
19157
19165
19170
19174
19176
19179
19190
19195
19205
19208
19212
19214
19215
19218
19219
19222
19228
19234
19241
19244
19248
19251
19253
19256
19257
19259
19261
19267
19273
19279
19280
19286
19288
19296
19297
19299
19302
19305
19310
19314
19316
19322
19332
19337
19339
19340
19368
19375
19380
19381
19389
19394
19398
19404
19405
19406
19424
19440
19442
19443
19444
19446
19455
19457
19473
19475
19489
19490
19493
19499
19509
19514
19516
19517
19530
19531
19535
19538
19539
19540
19545
19550
19557
19568
19570
19571
19576
19579
19582
19584
19585
19619
19624
19629
19632
19633
19636
19639
19646
19648
19649
19657
19668
19670
19675
19680
19685
19688
19689
19700
19702
19707
19718
19720
19724
19729
19731
19733
19739
19746
19749
19751
19753
19754
19762
19776
19784
19786
19791
19798
19803
19809
19814
19824
19825
19830
19835
19839
19841
19842
19845
19857
19858
19859
19861
19870
19873
19877
19884
19892
19896
19901
19902
19906
19912
19915
19924
19929
19934
19937
19941
19943
19946
19953
19954
19961
19964
19970
19973
19982
19983
19987
19993
19995
20004
20014
20017
20022
20033
20037
20045
20047
20054
20059
20067
20070
20075
20082
20088
20094
20099
20107
20113
20118
20120
20122
20130
20132
20133
20150
20154
20155
20157
20163
20167
20168
20171
20175
20187
20188
20192
20195
20206
20209
20210
20212
20215
20218
20227
20228
20230
20232
20233
20237
20240
20243
20248
20254
20264
20265
20271
20280
20281
20283
20288
20295
20297
20299
20316
20325
20329
20333
20338
20341
20347
20352
20354
20360
20369
20373
20389
20391
20393
20394
20396
20397
20403
20405
20408
20409
20412
20416
20418
20419
20422
20423
20424
20425
20430
20434
20438
20453
20456
20463
20465
20470
20482
20485
20488
20491
20498
20502
20510
20513
20525
20532
20537
20540
20541
20544
20546
20547
20549
20551
20555
20556
20561
20565
20566
20568
20571
20572
20577
20579
20598
20610
20611
20614
20615
20623
20624
20625
20628
20629
20636
20640
20656
20658
20660
20661
20669
20672
20675
20682
20684
20692
20694
20700
20702
20710
20713
20716
20718
20727
20734
20736
20739
20754
20769
20771
20779
20785
20789
20801
20805
20806
20811
20817
20818
20827
20836
20840
20842
20848
20852
20858
20861
20865
20867
20868
20869
20871
20876
20879
20889
20891
20895
20900
20908
20914
20918
20919
20925
20929
20935
20939
20942
20946
20948
20951
20969
20971
20977
20981
20983
20986
20987
20995
21003
21007
21019
21020
21021
21024
21027
21033
21047
21050
21051
21052
21053
21056
21059
21065
21072
21074
21075
21077
21083
21084
21086
21087
21099
21101
21104
21105
21106
21134
21136
21137
21140
21147
21148
21153
21160
21161
21169
21175
21176
21177
21180
21186
21195
21199
21202
21207
21211
21220
21238
21241
21247
21248
21251
21252
21255
21261
21262
21273
21278
21279
21281
21284
21297
21298
21299
21301
21304
21311
21326
21328
21330
21339
21340
21345
21348
21349
21353
21354
21358
21368
21370
21393
21405
21408
21412
21413
21418
21423
21427
21435
21438
21439
21440
21441
21446
21448
21450
21461
21475
21476
21478
21479
21490
21503
21508
21512
21515
21539
21540
21541
21542
21546
21548
21554
21556
21560
21563
21564
21580
21582
21584
21585
21586
21588
21590
21592
21597
21598
21603
21605
21606
21610
21613
21619
21629
21633
21639
21646
21653
21660
21661
21663
21666
21667
21675
21692
21698
21700
21714
21715
21716
21717
21720
21724
21726
21728
21730
21731
21740
21742
21743
21745
21748
21751
21755
21758
21759
21761
21766
21778
21781
21782
21794
21795
21798
21799
21806
21807
21810
21813
21814
21816
21822
21823
21826
21828
21833
21843
21845
21851
21853
21858
21862
21866
21868
21873
21877
21881
21884
21885
21887
21896
21897
21902
21903
21907
21926
21939
21946
21953
21961
21962
21963
21974
21978
21981
21993
21996
22001
22003
22016
22020
22023
22026
22031
22036
22039
22041
22059
22060
22063
22064
22069
22077
22082
22084
22088
22097
22102
22104
22121
22122
22129
22130
22140
22141
22144
22146
22160
22161
22165
22168
22171
22172
22179
22195
22197
22198
22202
22204
22207
22208
22209
22212
22215
22216
22224
22226
22228
22245
22248
22249
22255
22256
22258
22260
22262
22273
22274
22280
22281
22292
22295
22297
22298
22301
22312
22315
22323
22328
22339
22349
22356
22358
22359
22373
22374
22375
22380
22382
22390
22396
22401
22402
22410
22434
22436
22441
22453
22457
22462
22463
22464
22480
22482
22483
22485
22490
22493
22495
22496
22498
22500
22503
22512
22519
22520
22523
22526
22527
22533
22536
22537
22541
22542
22545
22546
22549
22550
22552
22554
22566
22575
22591
22593
22597
22600
22602
22604
22616
22620
22624
22632
22638
22640
22647
22648
22651
22658
22663
22669
22670
22675
22686
22691
22692
22696
22699
22700
22702
22704
22727
22728
22731
22734
22740
22743
22755
22761
22770
22773
22780
22781
22783
22790
22792
22793
22798
22803
22813
22816
22820
22829
22832
22833
22836
22841
22846
22850
22851
22863
22865
22872
22873
22874
22883
22888
22893
22894
22895
22913
22914
22917
22922
22927
22935
22939
22946
22948
22968
22990
22991
23014
23028
23036
23037
23039
23045
23048
23056
23058
23063
23064
23065
23070
23072
23090
23100
23104
23105
23109
23113
23116
23123
23135
23139
23159
23163
23171
23173
23180
23184
23186
23199
23206
23208
23209
23211
23212
23218
23221
23225
23242
23255
23264
23270
23273
23276
23277
23280
23286
23290
23293
23299
23300
23305
23307
23310
23312
23314
23318
23329
23340
23344
23346
23349
23351
23361
23365
23368
23381
23384
23395
23396
23404
23409
23413
23423
23424
23427
23450
23451
23452
23454
23455
23457
23474
23476
23481
23482
23485
23499
23502
23511
23513
23527
23528
23534
23535
23536
23538
23539
23541
23542
23546
23551
23553
23557
23558
23560
23564
23573
23581
23597
23599
23601
23611
23620
23630
23631
23655
23656
23658
23662
23676
23685
23690
23694
23695
23703
23704
23705
23710
23718
23720
23725
23733
23736
23738
23742
23743
23745
23747
23757
23761
23763
23769
23775
23779
23782
23785
23786
23788
23791
23805
23807
23811
23813
23817
23821
23825
23826
23827
23833
23835
23837
23856
23868
23874
23875
23876
23881
23884
23886
23892
23900
23903
23908
23909
23914
23923
23935
23944
23947
23957
23977
23985
23989
23997
24004
24011
24023
24025
24029
24030
24031
24049
24052
24057
24060
24065
24070
24077
24082
24084
24087
24093
24094
24098
24102
24105
24107
24109
24115
24140
24154
24156
24164
24172
24175
24177
24182
24191
24194
24202
24210
24222
24223
24230
24235
24242
24250
24261
24270
24278
24283
24291
24299
24301
24303
24305
24315
24318
24320
24323
24329
24335
24337
24338
24341
24344
24349
24351
24353
24356
24360
24363
24364
24365
24368
24376
24381
24389
24394
24398
24404
24411
24421
24429
24431
24432
24441
24454
24457
24459
24465
24471
24474
24481
24486
24487
24491
24494
24507
24522
24527
24529
24530
24533
24546
24551
24552
24554
24577
24593
24595
24601
24605
24611
24613
24624
24633
24642
24652
24653
24658
24664
24665
24669
24675
24681
24689
24691
24695
24696
24700
24705
24708
24711
24712
24722
24727
24729
24730
24737
24741
24745
24747
24748
24749
24751
24768
24773
24775
24786
24787
24800
24806
24810
24813
24815
24820
24822
24824
24830
24838
24846
24850
24854
24856
24862
24864
24871
24873
24875
24880
24884
24885
24887
24889
24891
24895
24896
24899
24905
24924
24925
24926
24928
24930
24941
24944
24946
24951
24956
24965
24971
24972
24973
24981
24982
24985
24990
24992
24993
24994
24995
24998
25011
25022
25030
25031
25041
25045
25054
25062
25063
25064
25070
25073
25079
25083
25088
25095
25096
25103
25106
25115
25120
25126
25138
25140
25152
25160
25161
25163
25169
25173
25179
25189
25194
25200
25216
25227
25228
25239
25244
25246
25249
25252
25256
25259
25261
25262
25274
25278
25285
25291
25309
25310
25311
25314
25323
25331
25342
25343
25345
25346
25349
25351
25353
25358
25362
25363
25373
25374
25378
25381
25382
25385
25387
25389
25393
25399
25401
25402
25405
25413
25414
25416
25420
25426
25434
25439
25443
25448
25457
25458
25464
25470
25475
25480
25481
25492
25501
25502
25503
25505
25506
25508
25511
25517
25521
25525
25529
25531
25537
25542
25549
25552
25559
25562
25567
25575
25576
25577
25584
25589
25590
25600
25607
25609
25610
25618
25633
25636
25637
25638
25641
25668
25675
25682
25691
25692
25701
25704
25706
25710
25718
25732
25733
25735
25736
25741
25746
25748
25752
25759
25760
25773
25775
25792
25799
25826
25840
25847
25848
25852
25853
25854
25867
25868
25870
25876
25878
25885
25894
25904
25923
25925
25927
25929
25932
25933
25935
25936
25946
25949
25960
25961
25963
25968
25973
25978
25986
25997
25999
26001
26006
26009
26011
26029
26037
26041
26055
26060
26062
26068
26078
26085
26086
26092
26101
26103
26131
26132
26134
26139
26140
26144
26147
26148
26152
26157
26163
26171
26174
26181
26192
26197
26203
26204
26213
26221
26222
26228
26230
26240
26242
26245
26246
26248
26249
26251
26258
26260
26270
26303
26310
26318
26326
26329
26333
26334
26338
26340
26343
26344
26345
26353
26369
26371
26374
26378
26381
26384
26391
26392
26401
26405
26408
26413
26416
26418
26422
26427
26435
26440
26446
26453
26455
26456
26457
26459
26461
26473
26475
26476
26478
26494
26495
26496
26499
26503
26507
26513
26514
26515
26531
26539
