2
8
9
10
16
20
21
25
26
29
30
32
42
43
44
47
52
59
62
65
66
68
69
71
72
75
76
77
79
82
84
85
86
87
91
95
96
97
98
100
101
102
110
112
113
119
120
121
122
127
128
133
141
142
143
144
145
149
152
154
157
158
176
177
181
183
185
186
195
196
203
216
217
219
220
222
225
228
229
233
245
252
254
267
271
281
284
289
303
305
307
316
318
321
325
331
336
341
352
357
361
362
366
367
372
381
382
385
386
387
388
389
390
393
394
395
397
398
402
405
406
414
418
421
423
425
427
436
437
447
448
451
452
460
461
462
471
472
473
474
475
476
479
484
485
486
488
493
497
501
502
503
508
515
516
517
522
524
525
526
529
532
533
534
549
554
558
559
561
563
564
565
566
567
568
569
570
574
575
578
582
584
586
591
592
594
613
614
616
617
619
621
622
623
626
627
629
632
633
637
638
639
642
643
646
653
654
659
675
679
680
683
693
695
698
700
706
709
713
721
738
742
743
748
749
755
759
760
761
762
767
770
773
790
792
799
800
801
803
805
812
813
816
817
818
820
829
836
844
845
849
853
854
855
867
869
870
873
875
878
880
881
899
900
905
909
911
918
919
923
924
928
930
932
937
938
940
942
956
963
969
972
974
976
980
981
983
991
992
993
994
995
1011
1013
1016
1017
1018
1021
1023
1024
1026
1027
1028
1029
1030
1038
1043
1046
1047
1048
1049
1050
1053
1054
1055
1056
1058
1060
1061
1069
1070
1072
1076
1077
1078
1089
1090
1092
1093
1094
1095
1099
1100
1101
1105
1106
1109
1116
1117
1118
1122
1123
1126
1130
1135
1136
1138
1141
1152
1153
1155
1158
1159
1165
1172
1176
1183
1185
1187
1192
1194
1196
1198
1199
1200
1201
1208
1210
1211
1216
1217
1219
1224
1225
1226
1231
1241
1243
1244
1247
1256
1257
1261
1267
1273
1285
1286
1287
1288
1289
1290
1291
1292
1296
1297
1298
1301
1306
1309
1310
1311
1317
1319
1320
1321
1325
1326
1328
1330
1332
1339
1340
1341
1342
1344
1345
1346
1347
1350
1351
1352
1353
1355
1356
1364
1365
1369
1375
1381
1383
1385
1386
1388
1389
1391
1392
1393
1398
1399
1400
1403
1404
1405
1407
1410
1415
1417
1418
1420
1421
1422
1427
1430
1432
1433
1434
1435
1436
1437
1438
1441
1442
1457
1458
1460
1461
1463
1464
1465
1466
1467
1468
1469
1470
1472
1477
1478
1479
1481
1482
1484
1492
1493
1494
1495
1504
1508
1514
1519
1525
1526
1530
1531
1532
1534
1541
1542
1543
1544
1545
1547
1551
1554
1558
1560
1563
1564
1568
1574
1583
1584
1599
1600
1616
1617
1624
1625
1626
1631
1638
1642
1645
1649
1652
1656
1657
1660
1661
1662
1673
1677
1680
1696
1701
1704
1713
1716
1723
1724
1734
1737
1738
1740
1745
1760
1762
1764
1765
1766
1767
1768
1769
1771
1775
1797
1814
1827
1830
1832
1836
1842
1845
1853
1854
1859
1861
1863
1864
1866
1879
1881
1896
1897
1901
1902
1903
1904
1910
1911
1916
1925
1931
1932
1934
1937
1941
1950
1952
1957
1958
1959
1963
1967
1973
1974
1975
1977
1978
1979
1980
1983
1986
1987
1988
1991
1992
1994
1997
1999
2001
2008
2009
2010
2011
2013
2014
2022
2023
2024
2025
2026
2027
2037
2038
2041
2042
2056
2058
2059
2061
2064
2070
2074
2075
2076
2077
2081
2082
2085
2094
2100
2101
2102
2103
2105
2110
2111
2115
2116
2117
2118
2122
2123
2124
2126
2132
2133
2134
2135
2136
2138
2140
2141
2143
2145
2148
2155
2157
2158
2159
2160
2162
2164
2165
2166
2167
2168
2171
2172
2173
2174
2176
2180
2182
2183
2186
2188
2194
2195
2202
2207
2208
2211
2213
2214
2215
2216
2227
2229
2230
2231
2234
2236
2238
2240
2241
2244
2246
2248
2250
2251
2255
2256
2257
2258
2259
2260
2261
2262
2267
2268
2270
2271
2274
2276
2279
2282
2289
2291
2294
2295
2297
2299
2304
2306
2309
2311
2312
2313
2314
2315
2316
2318
2319
2322
2325
2326
2327
2328
2329
2330
2331
2334
2335
2336
2337
2338
2340
2345
2348
2351
2353
2356
2357
2358
2359
2361
2362
2366
2367
2370
2371
2372
2373
2374
2376
2378
2382
2384
2385
2386
2387
2388
2392
2394
2402
2408
2409
2415
2416
2418
2420
2421
2432
2435
2436
2441
2443
2445
2449
2450
2451
2452
2453
2454
2467
2471
2473
2474
2476
2477
2481
2483
2485
2486
2488
2491
2493
2499
2500
2502
2505
2506
2510
2514
2515
2518
2519
2520
2531
2539
2546
2547
2550
2551
2554
2556
2557
2560
2567
2573
2574
2577
2580
2581
2583
2584
2588
2597
2598
2600
2601
2602
2604
2605
2607
2610
2611
2612
2614
2617
2618
2619
2623
2624
2630
2631
2632
2634
2638
2641
2642
2652
2654
2656
2657
2660
2661
2663
2664
2668
2672
2673
2677
2678
2679
2681
2683
2684
2685
2686
2690
2696
2699
2700
2705
2706
2707
2708
2709
2710
2712
2713
2716
2722
2726
2731
2732
2737
2744
2745
2749
2750
2751
2752
2753
2754
2755
2756
2757
2761
2763
2764
2765
2766
2767
2770
2771
2776
2777
2781
2783
2784
2785
2787
2789
2790
2793
2798
2800
2805
2806
2807
2808
2809
2813
2814
2815
2816
2817
2820
2827
2832
2833
2834
2835
2837
2840
2841
2842
2844
2845
2847
2849
2857
2858
2859
2861
2865
2868
2870
2877
2881
2882
2885
2887
2888
2889
2892
2894
2903
2904
2905
2907
2916
2917
2919
2922
2924
2932
2936
2941
2942
2950
2951
2952
2953
2954
2955
2956
2957
2959
2961
2967
2968
2973
2974
2979
2980
2981
2983
2987
2992
2995
3004
3005
3006
3008
3009
3012
3014
3015
3017
3018
3019
3021
3022
3026
3028
3030
3032
3037
3059
3063
3066
3071
3074
3077
3078
3080
3084
3086
3087
3089
3090
3092
3093
3095
3099
3101
3104
3105
3106
3109
3110
3111
3114
3115
3117
3118
3122
3123
3124
3126
3127
3128
3129
3130
3131
3132
3136
3138
3142
3149
3151
3155
3156
3160
3164
3170
3171
3173
3176
3177
3178
3181
3182
3190
3195
3199
3200
3203
3205
3206
3208
3210
3211
3212
3213
3214
3215
3216
3219
3225
3232
3244
3245
3247
3248
3249
3252
3257
3261
3262
3264
3265
3266
3269
3271
3273
3274
3275
3276
3277
3284
3285
3286
3289
3300
3301
3303
3311
3312
3314
3315
3316
3319
3320
3324
3326
3327
3328
3335
3339
3344
3346
3349
3350
3351
3356
3357
3359
3360
3361
3362
3364
3370
3372
3382
3383
3387
3389
3390
3392
3405
3406
3407
3408
3411
3419
3424
3433
3434
3435
3436
3437
3440
3447
3449
3450
3457
3458
3459
3460
3465
3468
3470
3472
3473
3474
3475
3477
3481
3482
3490
3496
3500
3505
3515
3517
3518
3519
3522
3525
3533
3536
3545
3546
3548
3555
3556
3557
3558
3559
3560
3562
3567
3568
3570
3571
3573
3576
3577
3580
3581
3582
3586
3588
3594
3595
3597
3598
3604
3605
3611
3618
3619
3621
3622
3623
3630
3635
3639
3643
3644
3645
3646
3647
3651
3653
3655
3662
3672
3673
3674
3676
3680
3681
3682
3685
3686
3687
3688
3690
3692
3695
3698
3699
3702
3703
3706
3709
3710
3712
3714
3715
3717
3718
3720
3722
3724
3726
3727
3729
3738
3739
3740
3742
3743
3748
3749
3750
3757
3758
3763
3764
3765
3766
3768
3769
3770
3771
3776
3777
3778
3779
3780
3781
3782
3783
3784
3786
3792
3793
3795
3796
3797
3800
3801
3802
3808
3809
3810
3813
3820
3822
3824
3825
3828
3830
3839
3845
3851
3853
3854
3855
3856
3858
3859
3861
3863
3866
3868
3869
3870
3876
3894
3895
3896
3897
3898
3899
3904
3905
3908
3909
3910
3911
3914
3918
3919
3920
3922
3924
3928
3932
3934
3936
3951
3954
3955
3956
3958
3960
3962
3963
3964
3967
3969
3972
3973
3974
3976
3977
3978
3988
3991
3992
3995
3998
4000
4001
4002
4004
4005
4006
4012
4013
4015
4017
4027
4029
4037
4038
4039
4044
4046
4047
4050
4054
4056
4057
4059
4064
4065
4067
4070
4071
4073
4079
4083
4087
4088
4089
4091
4095
4109
4110
4113
4121
4128
4131
4132
4133
4134
4135
4140
4141
4142
4147
4148
4157
4158
4159
4160
4162
4163
4164
4166
4169
4171
4173
4175
4176
4180
4181
4182
4185
4186
4187
4189
4190
4192
4194
4195
4200
4202
4203
4207
4212
4216
4221
4223
4225
4226
4227
4234
4239
4241
4244
4247
4280
4284
4285
4297
4300
4301
4304
4307
4309
4311
4313
4314
4322
4323
4328
4329
4335
4340
4342
4343
4344
4350
4356
4359
4361
4364
4366
4371
4372
4381
4382
4384
4386
4391
4393
4396
4397
4398
4399
4402
4403
4405
4417
4419
4422
4425
4426
4429
4436
4438
4445
4452
4453
4454
4455
4456
4457
4463
4467
4469
4470
4471
4473
4474
4478
4479
4480
4481
4483
4484
4489
4490
4491
4492
4493
4494
4495
4496
4498
4499
4500
4501
4502
4506
4508
4512
4513
4514
4518
4520
4521
4522
4541
4547
4548
4566
4567
4568
4574
4579
4580
4583
4586
4587
4589
4590
4592
4595
4597
4604
4615
4617
4618
4619
4621
4624
4628
4635
4639
4640
4641
4645
4650
4652
4654
4655
4657
4661
4680
4683
4684
4685
4686
4694
4697
4698
4699
4700
4701
4704
4711
4721
4725
4726
4727
4728
4729
4731
4732
4736
4741
4743
4758
4767
4768
4775
4776
4777
4785
4788
4791
4806
4807
4809
4815
4816
4818
4819
4820
4822
4823
4831
4832
4833
4834
4835
4839
4840
4849
4853
4859
4863
4867
4869
4870
4876
4877
4879
4882
4883
4884
4885
4886
4887
4899
4902
4910
4915
4916
4919
4931
4933
4934
4939
4941
4949
4952
4956
4958
4964
4965
4968
4969
4970
4972
4976
4977
4978
4982
4984
4987
4988
4994
4995
5001
5006
5014
5015
5019
5023
5024
5025
5026
5027
5028
5033
5039
5041
5042
5046
5048
5050
5062
5063
5065
5067
5071
5074
5078
5079
5081
5087
5090
5091
5094
5096
5097
5100
5101
5102
5105
5112
5114
5115
5136
5144
5146
5147
5149
5151
5153
5154
5156
5157
5160
5161
5162
5163
5167
5168
5171
5175
5177
5180
5183
5189
5190
5191
5199
5206
5210
5214
5218
5219
5220
5223
5224
5230
5232
5247
5248
5249
5251
5256
5258
5262
5264
5266
5267
5272
5274
5279
5280
5281
5282
5283
5284
5290
5291
5294
5302
5303
5308
5315
5317
5320
5321
5324
5331
5334
5337
5339
5344
5352
5353
5354
5362
5363
5366
5378
5379
5380
5381
5388
5392
5397
5400
5402
5403
5404
5409
5413
5416
5417
5418
5427
5429
5430
5431
5433
5434
5435
5436
5454
5455
5457
5460
5461
5462
5463
5465
5466
5470
5471
5475
5479
5481
5482
5484
5486
5487
5489
5490
5493
5494
5503
5504
5512
5516
5518
5520
5524
5527
5531
5533
5534
5536
5538
5545
5547
5551
5553
5556
5557
5558
5559
5560
5561
5563
5565
5567
5569
5571
5572
5573
5574
5575
5576
5577
5578
5580
5583
5589
5595
5601
5603
5607
5609
5611
5612
5613
5616
5617
5619
5622
5625
5626
5627
5628
5629
5631
5632
5635
5637
5638
5639
5640
5644
5649
5652
5656
5657
5658
5660
5666
5667
5668
5669
5671
5672
5673
5679
5681
5682
5683
5684
5691
5696
5701
5705
5709
5715
5722
5723
5724
5725
5734
5735
5736
5737
5738
5739
5740
5741
5742
5744
5747
5749
5750
5751
5754
5756
5772
5781
5789
5795
5796
5797
5799
5801
5805
5808
5811
5834
5837
5841
5843
5845
5846
5847
5853
5856
5857
5859
5865
5870
5871
5873
5874
5875
5879
5880
5881
5884
5885
5886
5889
5894
5895
5896
5897
5899
5900
5901
5902
5905
5907
5909
5910
5912
5915
5918
5919
5920
5921
5923
5926
5927
5928
5936
5937
5940
5942
5943
5944
5951
5953
5969
5977
5978
5979
5982
5983
5984
5986
5988
5990
5996
5997
6000
6001
6002
6003
6005
6008
6009
6010
6012
6013
6014
6016
6018
6020
6021
6023
6028
6029
6032
6033
6035
6037
6038
6039
6041
6042
6043
6044
6045
6046
6050
6051
6052
6053
6055
6059
6061
6062
6063
6064
6066
6072
6075
6076
6082
6083
6084
6085
6086
6089
6090
6091
6095
6102
6103
6109
6112
6113
6126
6128
6129
6130
6133
6136
6138
6140
6142
6144
6145
6148
6149
6150
6151
6161
6164
6165
6166
6167
6171
6172
6173
6174
6177
6178
6180
6191
6196
6197
6201
6202
6208
6219
6220
6221
6222
6223
6226
6230
6232
6234
6236
6237
6239
6240
6241
6242
6243
6246
6250
6253
6254
6255
6256
6258
6259
6264
6268
6276
6280
6282
6283
6286
6291
6293
6296
6298
6300
6303
6304
6306
6307
6309
6311
6315
6318
6323
6324
6336
6337
6339
6340
6341
6344
6345
6347
6352
6354
6362
6365
6368
6371
6374
6375
6382
6388
6393
6395
6396
6399
6404
6406
6407
6408
6409
6421
6427
6431
6432
6437
6440
6441
6444
6445
6447
6448
6451
6452
6455
6457
6458
6461
6473
6475
6477
6479
6481
6482
6483
6487
6488
6489
6495
6496
6500
6501
6502
6508
6511
6512
6514
6521
6522
6524
6526
6529
6534
6535
6536
6538
6540
6541
6543
6544
6545
6546
6555
6557
6560
6566
6570
6575
6577
6578
6580
6581
6582
6584
6586
6587
6591
6593
6596
6599
6602
6604
6605
6608
6611
6612
6620
6621
6622
6623
6625
6626
6629
6631
6632
6639
6644
6645
6647
6650
6651
6652
6653
6656
6657
6658
6662
6663
6664
6668
6669
6670
6673
6676
6680
6682
6683
6685
6686
6689
6691
6693
6695
6696
6697
6698
6702
6703
6704
6708
6710
6712
6713
6714
6715
6721
6723
6724
6726
6727
6730
6731
6733
6737
6738
6740
6743
6744
6747
6750
6751
6754
6755
6756
6758
6760
6763
6764
6765
6770
6773
6774
6776
6777
6780
6782
6784
6785
6786
6787
6789
6790
6792
6793
6795
6797
6798
6799
6802
6803
6806
6808
6810
6811
6817
6818
6828
6830
6837
6839
6841
6842
6848
6850
6853
6854
6858
6859
6860
6863
6872
6873
6876
6880
6881
6893
6896
6898
6903
6907
6910
6913
6916
6917
6922
6923
6925
6926
6927
6941
6943
6951
6957
6963
6964
6965
6966
6967
6968
6969
6970
6977
6982
6983
6999
7003
7005
7008
7011
7012
7013
7014
7016
7018
7024
7025
7026
7035
7037
7039
7044
7045
7047
7048
7049
7051
7052
7053
7054
7055
7056
7057
7059
7060
7062
7069
7071
7072
7073
7075
7076
7077
7081
7084
7085
7086
7087
7088
7097
7098
7099
7102
7103
7105
7107
7109
7112
7117
7118
7119
7123
7124
7125
7126
7127
7128
7130
7133
7141
7142
7146
7147
7150
7151
7152
7153
7157
7158
7159
7164
7167
7171
7172
7176
7178
7179
7180
7181
7183
7184
7190
7197
7204
7205
7209
7216
7217
7220
7222
7223
7226
7229
7236
7238
7239
7240
7241
7242
7244
7245
7248
7252
7253
7255
7256
7257
7258
7261
7270
7271
7273
7274
7280
7282
7283
7285
7288
7289
7292
7294
7295
7296
7299
7300
7301
7303
7305
7306
7308
7309
7312
7314
7316
7317
7318
7320
7321
7322
7326
7329
7332
7333
7334
7335
7336
7341
7345
7347
7348
7349
7351
7352
7353
7355
7356
7357
7360
7362
7363
7364
7366
7367
7368
7369
7371
7372
7376
7381
7383
7384
7386
7388
7389
7390
7393
7399
7401
7411
7412
7413
7418
7421
7422
7425
7427
7428
7429
7431
7432
7433
7435
7436
7437
7438
7439
7440
7441
7443
7444
7445
7448
7449
7454
7456
7457
7458
7459
7461
7462
7469
7471
7472
7474
7476
7478
7481
7485
7487
7492
7493
7494
7495
7499
7500
7502
7515
7522
7523
7524
7525
7526
7530
7531
7534
7548
7549
7550
7555
7556
7562
7569
7570
7575
7576
7577
7585
7586
7587
7588
7589
7590
7593
7594
7595
7605
7609
7610
7611
7612
7613
7614
7615
7616
7620
7623
7624
7633
7634
7640
7641
7644
7645
7648
7656
7657
7660
7661
7672
7675
7676
7677
7678
7682
7683
7684
7687
7692
7695
7698
7699
7701
7702
7703
7708
7709
7711
7713
7717
7718
7721
7722
7725
7727
7728
7731
7732
7744
7745
7753
7754
7759
7761
7762
7763
7765
7766
7767
7770
7775
7781
7782
7784
7785
7787
7789
7791
7792
7794
7802
7803
7804
7809
7814
7818
7821
7823
7824
7825
7830
7831
7833
7836
7837
7838
7840
7846
7852
7853
7854
7857
7858
7859
7860
7861
7865
7868
7869
7870
7871
7873
7874
7880
7882
7887
7893
7894
7895
7896
7898
7902
7907
7909
7910
7932
7933
7934
7935
7938
7939
7940
7941
7945
7946
7955
7961
7962
7969
7970
7971
7972
7973
7974
7975
7976
7977
7978
7984
7988
7995
8003
8004
8007
8008
8009
8010
8013
8016
8018
8021
8025
8026
8028
8033
8035
8036
8038
8039
8040
8050
8053
8054
8055
8063
8065
8066
8067
8070
8074
8079
8080
8084
8086
8087
8088
8089
8090
8092
8094
8098
8099
8102
8103
8107
8109
8110
8114
8115
8123
8124
8125
8127
8133
8145
8149
8155
8161
8162
8163
8164
8165
8166
8172
8176
8179
8180
8184
8189
8190
8191
8193
8194
8195
8202
8204
8206
8207
8209
8211
8212
8213
8220
8222
8223
8224
8229
8230
8231
8232
8233
8235
8237
8243
8245
8246
8247
8252
8253
8255
8256
8257
8258
8260
8272
8274
8276
8278
8279
8281
8282
8284
8285
8293
8295
8296
8297
8299
8310
8311
8313
8314
8324
8330
8332
8337
8342
8347
8349
8355
8358
8361
8366
8369
8370
8371
8374
8381
8382
8386
8387
8391
8392
8403
8404
8406
8409
8410
8411
8413
8415
8419
8420
8421
8427
8428
8434
8435
8438
8447
8449
8452
8454
8458
8462
8463
8464
8465
8466
8468
8480
8481
8482
8484
8486
8488
8493
8494
8498
8502
8504
8507
8508
8509
8513
8518
8525
8526
8527
8530
8531
8534
8535
8539
8545
8546
8548
8549
8550
8552
8553
8554
8557
8560
8561
8562
8564
8565
8566
8568
8571
8572
8574
8575
8578
8582
8584
8586
8587
8591
8593
8596
8597
8599
8600
8601
8604
8605
8607
8610
8611
8612
8613
8615
8616
8617
8618
8620
8621
8622
8624
8626
8627
8629
8632
8636
8639
8664
8668
8678
8679
8687
8689
8690
8693
8698
8700
8705
8713
8714
8715
8718
8719
8720
8722
8723
8724
8725
8729
8730
8733
8734
8735
8738
8739
8740
8745
8750
8757
8758
8760
8762
8768
8772
8773
8776
8780
8781
8782
8784
8785
8786
8792
8802
8809
8810
8818
8822
8830
8833
8835
8837
8842
8845
8846
8848
8850
8855
8856
8861
8862
8867
8870
8871
8872
8873
8878
8879
8884
8887
8888
8889
8901
8902
8903
8904
8906
8907
8910
8913
8919
8920
8921
8922
8925
8929
8931
8932
8933
8934
8935
8936
8945
8946
8947
8949
8950
8959
8961
8962
8964
8967
8969
8971
8972
8973
8974
8975
8978
8984
8985
8986
8987
8988
8995
8996
8997
9001
9002
9006
9013
9014
9015
9016
9017
9018
9023
9030
9033
9034
9035
9039
9043
9055
9056
9061
9062
9063
9064
9066
9067
9083
9084
9085
9096
9097
9098
9099
9101
9102
9103
9106
9108
9109
9110
9121
9122
9123
9130
9132
9133
9140
9149
9150
9151
9152
9153
9156
9161
9163
9164
9167
9168
9169
9171
9179
9180
9182
9187
9188
9189
9190
9191
9192
9200
9202
9204
9205
9207
9209
9213
9214
9222
9224
9229
9234
9235
9237
9244
9246
9247
9248
9250
9251
9252
9257
9260
9261
9262
9263
9265
9267
9272
9282
9289
9300
9311
9314
9318
9322
9323
9336
9338
9339
9348
9349
9357
9358
9359
9361
9364
9369
9375
9376
9377
9391
9392
9398
9399
9400
9401
9404
9411
9416
9420
9422
9424
9430
9432
9433
9445
9446
9451
9452
9460
9461
9462
9464
9466
9468
9470
9472
9473
9474
9475
9476
9482
9485
9487
9491
9496
9500
9502
9508
9519
9521
9526
9529
9530
9534
9539
9543
9547
9553
9561
9562
9565
9566
9567
9575
9577
9578
9579
9580
9581
9584
9588
9589
9591
9593
9605
9606
9612
9615
9616
9617
9618
9620
9623
9624
9625
9626
9627
9630
9634
9635
9636
9638
9640
9642
9644
9645
9646
9648
9649
9654
9656
9657
9664
9669
9670
9671
9672
9677
9693
9695
9698
9705
9720
9721
9723
9724
9728
9731
9732
9733
9745
9746
9753
9754
9755
9756
9768
9770
9771
9774
9785
9787
9789
9803
9809
9810
9818
9837
9839
9840
9842
9843
9845
9849
9853
9856
9857
9861
9865
9868
9871
9872
9873
9879
9882
9885
9892
9893
9895
9896
9897
9900
9905
9910
9911
9912
9913
9922
9923
9927
9928
9931
9933
9935
9937
9938
9940
9943
9944
9946
9947
9956
9957
9958
9962
9964
9978
9981
9982
9990
9994
10000
10005
10006
10007
10008
10011
10015
10016
10025
10026
10027
10032
10035
10037
10041
10045
10047
10048
10049
10050
10052
10060
10061
10063
10064
10066
10067
10068
10069
10077
10079
10081
10084
10087
10093
10095
10098
10099
10101
10102
10103
10106
10108
10111
10113
10114
10115
10118
10121
10122
10123
10127
10129
10138
10140
10143
10144
10148
10149
10160
10161
10164
10174
10175
10176
10177
10178
10179
10185
10189
10193
10198
10201
10202
10203
10205
10207
10211
10212
10216
10221
10222
10227
10228
10231
10232
10233
10234
10235
10236
10237
10238
10239
10244
10246
10247
10249
10260
10262
10263
10264
10267
10270
10271
10272
10273
10274
10275
10276
10278
10282
10284
10287
10288
10291
10294
10296
10301
10302
10306
10307
10311
10319
10321
10326
10329
10331
10332
10333
10334
10343
10345
10349
10350
10353
10357
10358
10361
10363
10365
10372
10376
10377
10380
10381
10383
10388
10390
10391
10392
10393
10394
10395
10396
10397
10408
10409
10411
10412
10415
10417
10418
10421
10426
10427
10431
10433
10435
10436
10437
10442
10443
10445
10446
10447
10448
10453
10456
10459
10460
10462
10463
10464
10466
10467
10468
10469
10470
10472
10473
10476
10477
10478
10479
10481
10482
10490
10493
10494
10495
10496
10499
10500
10501
10506
10507
10510
10512
10515
10520
10521
10522
10524
10525
10526
10529
10532
10534
10535
10537
10538
10542
10548
10551
10555
10563
10565
10568
10569
10572
10578
10579
10580
10581
10582
10584
10586
10587
10591
10592
10593
10602
10605
10606
10609
10612
10614
10615
10616
10619
10621
10632
10641
10645
10656
10658
10661
10664
10672
10673
10674
10675
10676
10677
10678
10679
10680
10681
10685
10686
10690
10696
10698
10699
10701
10707
10708
10709
10710
10711
10712
10714
10715
10716
10722
10723
10725
10726
10730
10733
10734
10738
10740
10741
10744
10747
10748
10749
10750
10752
10753
10755
10756
10761
10764
10767
10773
10774
10778
10779
10782
10783
10785
10788
10804
10809
10818
10821
10822
10824
10825
10826
10827
10828
10829
10833
10836
10838
10842
10843
10852
10853
10854
10860
10861
10866
10869
10870
10872
10874
10875
10888
10889
10892
10898
10899
10910
10912
10913
10917
10919
10923
10925
10927
10931
10933
10936
10938
10939
10941
10943
10948
10949
10950
10951
10956
10957
10958
10959
10962
10963
10964
10965
10968
10969
10970
10971
10972
10973
10976
10977
10982
10983
10991
10992
10993
10995
10999
11003
11004
11005
11006
11007
11008
11010
11011
11013
11014
11020
11022
11023
11031
11033
11036
11037
11077
11079
11080
11081
11082
11084
11085
11086
11089
11091
11098
11099
11100
11104
11108
11111
11116
11117
11118
11119
11122
11123
11126
11127
11131
11132
11144
11145
11147
11149
11155
11156
11159
11161
11162
11164
11165
11167
11173
11174
11175
11180
11184
11186
11187
11188
11190
11191
11194
11209
11214
11215
11216
11218
11219
11221
11223
11224
11227
11232
11234
11245
11247
11248
11249
11251
11252
11255
11258
11259
11270
11272
11273
11276
11278
11280
11283
11284
11288
11296
11297
11300
11302
11303
11306
11308
11309
11311
11323
11324
11325
11345
11351
11368
11369
11371
11377
11381
11391
11425
11427
11428
11429
11431
11434
11450
11452
11454
11456
11458
11459
11461
11467
11468
11469
11471
11472
11473
11475
11476
11477
11479
11483
11484
11486
11489
11493
11494
11499
11501
11502
11503
11504
11519
11520
11521
11522
11524
11525
11528
11529
11530
11540
11541
11547
11557
11558
11559
11560
11565
11566
11567
11568
11570
11571
11572
11573
11574
11575
11577
11580
11581
11582
11585
11586
11587
11588
11591
11597
11598
11603
11604
11605
11606
11613
11616
11618
11619
11620
11621
11623
11624
11626
11628
11633
11634
11636
11637
11645
11648
11652
11654
11655
11656
11677
11680
11682
11683
11684
11689
11691
11692
11694
11695
11696
11697
11699
11704
11705
11709
11712
11716
11721
11723
11725
11730
11731
11734
11738
11740
11746
11748
11749
11751
11753
11760
11764
11765
11766
11775
11778
11786
11788
11790
11791
11793
11797
11800
11801
11802
11804
11810
11812
11814
11815
11816
11817
11821
11826
11827
11829
11834
11837
11839
11842
11844
11847
11848
11849
11852
11855
11856
11859
11861
11863
11869
11870
11871
11873
11876
11880
11881
11886
11889
11891
11893
11894
11898
11899
11900
11907
11915
11919
11921
11925
11932
11942
11951
11954
11957
11965
11966
11967
11968
11971
11972
11973
11974
11976
11978
11979
11985
11986
11987
11997
12001
12002
12003
12004
12005
12006
12008
12010
12011
12012
12013
12014
12015
12017
12019
12021
12024
12027
12031
12033
12036
12037
12038
12041
12045
12046
12052
12055
12061
12069
12074
12075
12081
12083
12085
12086
12087
12088
12091
12092
12093
12096
12097
12100
12109
12116
12117
12118
12120
12121
12122
12123
12128
12131
12133
12135
12139
12140
12145
12146
12147
12148
12152
12162
12164
12166
12168
12169
12170
12171
12174
12176
12180
12181
12183
12184
12186
12187
12188
12189
12190
12202
12203
12204
12209
12213
12214
12222
12230
12242
12243
12246
12247
12250
12254
12258
12259
12260
12266
12269
12272
12274
12275
12282
12283
12284
12285
12290
12293
12295
12299
12300
12320
12323
12324
12325
12326
12328
12329
12335
12336
12337
12348
12351
12352
12357
12359
12361
12369
12370
12371
12372
12373
12374
12375
12376
12377
12380
12385
12388
12389
12390
12391
12392
12393
12397
12401
12403
12405
12406
12407
12410
12411
12414
12415
12417
12418
12419
12420
12423
12424
12429
12433
12435
12437
12438
12441
12443
12445
12446
12447
12451
12465
12469
12477
12481
12488
12491
12497
12498
12499
12501
12510
12512
12516
12518
12522
12528
12529
12531
12536
12541
12544
12549
12551
12552
12553
12555
12556
12564
12565
12567
12568
12570
12571
12574
12578
12579
12581
12585
12586
12588
12592
12593
12595
12596
12597
12599
12600
12602
12603
12604
12605
12606
12613
12616
12617
12622
12623
12627
12628
12632
12635
12636
12637
12650
12652
12653
12655
12656
12657
12658
12659
12662
12664
12667
12668
12671
12672
12674
12676
12679
12688
12689
12693
12695
12698
12700
12701
12703
12705
12708
12709
12712
12713
12717
12719
12726
12727
12733
12736
12740
12742
12744
12746
12747
12748
12749
12750
12751
12752
12757
12763
12764
12766
12769
12773
12777
12778
12780
12782
12783
12784
12788
12789
12790
12794
12796
12800
12801
12802
12803
12807
12809
12813
12814
12815
12816
12818
12822
12823
12826
12827
12829
12830
12831
12834
12838
12839
12840
12841
12848
12849
12851
12856
12859
12860
12867
12872
12874
12877
12878
12882
12884
12887
12892
12893
12895
12896
12897
12899
12900
12904
12906
12907
12908
12909
12911
12912
12913
12914
12915
12919
12922
12923
12924
12925
12926
12929
12932
12936
12938
12940
12941
12943
12945
12946
12947
12951
12952
12953
12954
12958
12959
12961
12962
12963
12964
12970
12974
12977
12978
12983
12987
12988
12993
12995
12996
12997
13004
13008
13009
13013
13017
13023
13033
13048
13051
13052
13054
13055
13063
13068
13074
13075
13078
13081
13083
13089
13092
13095
13096
13097
13102
13118
13142
13145
13146
13147
13154
13155
13157
13158
13162
13168
13170
13171
13172
13176
13180
13182
13183
13187
13189
13198
13199
13200
13201
13202
13203
13223
13233
13234
13236
13237
13238
13240
13246
13248
13249
13251
13252
13254
13257
13258
13260
13264
13265
13268
13270
13272
13274
13275
13276
13279
13280
13281
13286
13291
13292
13293
13294
13299
13300
13304
13306
13307
13309
13316
13318
13320
13321
13322
13324
13325
13327
13329
13330
13331
13333
13336
13345
13350
13353
13360
13367
13368
13369
13370
13371
13372
13380
13383
13384
13388
13396
13397
13398
13399
13406
13412
13413
13414
13415
13416
13423
13426
13427
13429
13434
13440
13451
13453
13455
13461
13462
13463
13474
13479
13483
13494
13495
13497
13500
13501
13504
13505
13506
13511
13512
13513
13517
13522
13526
13529
13531
13532
13533
13536
13537
13538
13545
13548
13553
13555
13557
13558
13559
13561
13565
13568
13572
13573
13575
13576
13582
13583
13585
13588
13591
13594
13596
13598
13599
13600
13613
13614
13617
13618
13624
13625
13627
13629
13633
13635
13636
13638
13639
13642
13645
13646
13647
13649
13652
13653
13655
13658
13659
13661
13662
13664
13665
13666
13671
13675
13678
13679
13681
13682
13683
13684
13686
13688
13689
13700
13704
13707
13721
13741
13752
13753
13756
13758
13759
13760
13761
13762
13763
13764
13765
13766
13768
13769
13770
13771
13780
13781
13783
13785
13789
13791
13795
13798
13799
13800
13801
13802
13803
13805
13806
13807
13811
13813
13817
13820
13821
13823
13825
13826
13827
13828
13829
13830
13832
13834
13835
13836
13837
13838
13842
13843
13847
13848
13849
13850
13851
13853
13856
13872
13876
13880
13882
13889
13891
13892
13897
13899
13901
13907
13909
13910
13915
13918
13921
13923
13925
13926
13927
13934
13940
13943
13944
13949
13950
13953
13954
13955
13956
13957
13958
13969
13988
13995
13997
14000
14001
14002
14009
14010
14022
14025
14027
14031
14033
14034
14036
14039
14040
14041
14045
14047
14051
14053
14059
14060
14061
14062
14069
14071
14072
14073
14074
14075
14084
14085
14087
14089
14092
14094
14096
14108
14109
14111
14113
14117
14118
14120
14122
14125
14126
14127
14128
14133
14139
14140
14151
14156
14158
14162
14163
14164
14171
14172
14177
14187
14189
14190
14199
14203
14208
14210
14211
14214
14216
14221
14223
14227
14228
14230
14232
14234
14236
14237
14238
14241
14245
14262
14263
14264
14268
14270
14272
14273
14280
14285
14287
14292
14304
14305
14306
14308
14312
14323
14327
14329
14332
14338
14342
14344
14348
14349
14352
14354
14355
14359
14360
14369
14375
14376
14380
14381
14383
14388
14390
14391
14394
14395
14397
14399
14400
14402
14405
14406
14407
14408
14413
14414
14416
14421
14422
14427
14429
14432
14435
14437
14438
14440
14445
14446
14448
14449
14453
14455
14456
14458
14460
14462
14463
14465
14466
14467
14468
14469
14470
14473
14474
14475
14476
14479
14480
14481
14482
14484
14491
14502
14508
14510
14511
14512
14514
14515
14518
14519
14520
14522
14523
14525
14528
14529
14530
14531
14538
14539
14540
14541
14553
14586
14623
14655
14657
14658
14659
14660
14665
14668
14675
14676
14679
14687
14688
14690
14713
14714
14716
14718
14719
14723
14724
14727
14729
14735
14738
14739
14741
14744
14745
14748
14749
14760
14761
14762
14764
14765
14772
14777
14782
14784
14785
14788
14800
14801
14807
14808
14810
14812
14818
14820
14823
14829
14835
14841
14844
14845
14851
14852
14853
14854
14856
14858
14859
14860
14862
14864
14867
14868
14870
14875
14876
14878
14880
14883
14884
14890
14893
14899
14901
14902
14906
14911
14925
14928
14936
14937
14938
14939
14940
14941
14942
14944
14945
14947
14948
14949
14950
14953
14955
14956
14957
14960
14971
14979
14984
14985
14989
14990
14996
15006
15009
15010
15011
15031
15032
15033
15034
15036
15038
15040
15041
15042
15043
15048
15060
15061
15062
15064
15067
15071
15072
15076
15078
15079
15080
15084
15086
15088
15091
15095
15097
15099
15101
15103
15104
15105
15107
15109
15111
15112
15118
15121
15123
15124
15126
15135
15138
15140
15141
15142
15145
15149
15150
15152
15154
15155
15159
15162
15163
15164
15165
15166
15168
15171
15176
15177
15178
15179
15180
15184
15186
15188
15189
15192
15193
15195
15196
15200
15201
15203
15214
15236
15238
15246
15249
15251
15253
15258
15260
15261
15265
15268
15269
15273
15275
15279
15284
15285
15289
15290
15293
15294
15296
15297
15298
15299
15303
15305
15306
15307
15310
15312
15313
15318
15319
15321
15322
15323
15324
15326
15327
15331
15337
15339
15340
15341
15343
15351
15354
15355
15358
15363
15381
15398
15400
15409
15414
15416
15417
15426
15427
15429
15432
15436
15439
15440
15442
15445
15447
15448
15454
15461
15466
15468
15471
15473
15475
15477
15481
15482
15483
15484
15485
15486
15487
15490
15498
15499
15500
15501
15504
15505
15506
15509
15510
15511
15515
15516
15517
15526
15527
15529
15534
15536
15537
15541
15544
15548
15549
15552
15553
15554
15557
15558
15562
15563
15564
15565
15566
15567
15574
15586
15591
15593
15595
15596
15597
15609
15611
15614
15617
15618
15619
15621
15622
15635
15643
15644
15651
15652
15655
15661
15662
15669
15673
15674
